[0m[38;2;10;8;19mW[38;2;11;8;19mW[38;2;11;8;19mW[38;2;10;8;19mW[38;2;11;8;19mW[38;2;11;9;19mW[38;2;11;10;18mW[38;2;10;10;17mW[38;2;10;10;17mW[38;2;10;9;17mW[38;2;10;9;18mW[38;2;17;10;26mW[38;2;41;23;63mX[38;2;46;23;71mX[38;2;49;26;75mX[38;2;43;24;67mX[38;2;50;26;77mX[38;2;55;29;85mK[38;2;53;27;82mK[38;2;57;29;87mK[38;2;50;24;76mX[38;2;48;25;74mX[38;2;37;20;58mX[38;2;29;17;46mN[38;2;27;17;45mN[38;2;21;13;35mN[38;2;16;11;27mW[38;2;15;10;26mW[38;2;12;9;23mW[38;2;11;8;21mW[38;2;11;9;21mW[38;2;10;10;22mW[38;2;11;9;22mW[38;2;10;10;22mW[38;2;10;10;22mW[38;2;11;10;22mW[38;2;11;10;23mW[38;2;11;11;23mW[38;2;11;11;23mW[38;2;11;11;23mW[0m
[0m[38;2;11;9;21mW[38;2;12;9;21mW[38;2;12;9;21mW[38;2;11;9;21mW[38;2;12;10;22mW[38;2;12;10;21mW[38;2;12;10;20mW[38;2;11;10;19mW[38;2;11;10;18mW[38;2;11;10;18mW[38;2;12;9;19mW[38;2;32;18;49mN[38;2;53;28;83mK[38;2;57;30;88mK[38;2;50;27;78mX[38;2;60;32;91mK[38;2;64;35;100mK[38;2;66;36;102m0[38;2;75;42;112m0[38;2;72;41;109m0[38;2;57;30;88mK[38;2;54;29;84mK[38;2;44;24;69mX[38;2;34;20;55mN[38;2;31;19;53mN[38;2;23;15;40mN[38;2;18;13;33mW[38;2;14;11;26mW[38;2;13;10;26mW[38;2;12;10;24mW[38;2;11;10;23mW[38;2;11;10;23mW[38;2;11;10;23mW[38;2;11;11;23mW[38;2;11;11;24mW[38;2;12;11;24mW[38;2;12;11;24mW[38;2;12;11;24mW[38;2;12;11;24mW[38;2;11;11;24mW[0m
[0m[38;2;13;11;25mW[38;2;15;12;28mW[38;2;14;12;27mW[38;2;13;11;25mW[38;2;14;11;26mW[38;2;13;11;24mW[38;2;13;11;24mW[38;2;13;11;22mW[38;2;12;11;19mW[38;2;12;10;21mW[38;2;23;14;36mN[38;2;45;25;69mX[38;2;64;35;99mK[38;2;72;41;111m0[38;2;58;34;91mK[38;2;68;40;105m0[38;2;75;44;115m0[38;2;83;51;125mO[38;2;90;57;133mk[38;2;68;41;106m0[38;2;57;35;91mK[38;2;64;39;105m0[38;2;56;34;91mK[38;2;52;30;85mK[38;2;41;26;71mX[38;2;28;19;51mN[38;2;22;17;42mN[38;2;15;13;32mW[38;2;16;14;33mW[38;2;14;12;29mW[38;2;13;11;26mW[38;2;12;11;26mW[38;2;12;11;24mW[38;2;11;11;24mW[38;2;13;10;26mW[38;2;13;11;27mW[38;2;13;11;26mW[38;2;12;11;25mW[38;2;12;11;25mW[38;2;11;11;23mW[0m
[0m[38;2;16;14;35mW[38;2;18;15;36mN[38;2;16;14;32mW[38;2;16;14;31mW[38;2;17;14;33mW[38;2;17;13;30mW[38;2;15;13;28mW[38;2;14;13;25mW[38;2;13;11;23mW[38;2;14;10;24mW[38;2;32;20;51mN[38;2;41;26;67mX[38;2;30;20;49mN[38;2;21;14;33mN[38;2;50;31;77mK[38;2;82;53;125mO[38;2;81;53;126mO[38;2;89;60;134mk[38;2;81;56;123mO[38;2;19;13;32mW[38;2;12;13;34mW[38;2;73;53;160mO[38;2;61;43;106m0[38;2;40;28;71mX[38;2;37;26;68mX[38;2;27;22;54mN[38;2;20;17;42mN[38;2;16;14;35mW[38;2;17;15;36mN[38;2;13;12;28mW[38;2;14;13;31mW[38;2;12;11;27mW[38;2;13;11;28mW[38;2;13;11;26mW[38;2;12;11;26mW[38;2;13;10;27mW[38;2;13;11;26mW[38;2;12;11;24mW[38;2;12;11;24mW[38;2;11;10;22mW[0m
[0m[38;2;20;20;44mN[38;2;20;20;43mN[38;2;18;18;39mN[38;2;18;17;37mN[38;2;19;17;38mN[38;2;18;16;37mN[38;2;18;15;32mN[38;2;16;14;31mW[38;2;14;13;27mW[38;2;19;14;32mN[38;2;29;21;50mN[38;2;22;19;43mN[38;2;21;17;50mN[38;2;4;5;12mM[38;2;5;4;10mM[38;2;48;36;86mK[38;2;103;73;214mx[38;2;64;52;125mO[38;2;7;8;23mW[38;2;3;5;16mW[38;2;24;23;58mN[38;2;84;90;218md[38;2;72;59;134mO[38;2;41;32;78mX[38;2;29;24;59mX[38;2;26;22;54mN[38;2;27;23;56mN[38;2;20;18;44mN[38;2;22;19;47mN[38;2;13;13;30mW[38;2;14;14;34mW[38;2;14;13;34mW[38;2;14;13;31mW[38;2;15;13;30mW[38;2;14;12;30mW[38;2;14;12;29mW[38;2;13;11;26mW[38;2;12;11;24mW[38;2;11;10;23mW[38;2;10;10;22mW[0m
[0m[38;2;24;24;52mN[38;2;22;22;49mN[38;2;20;21;45mN[38;2;19;21;42mN[38;2;18;20;41mN[38;2;20;20;41mN[38;2;19;18;39mN[38;2;19;17;37mN[38;2;16;18;34mN[38;2;22;18;40mN[38;2;34;25;59mX[38;2;36;32;73mX[38;2;68;59;162mO[38;2;10;14;36mW[38;2;4;5;15mW[38;2;37;36;85mK[38;2;71;135;253ml[38;2;50;77;144mk[38;2;8;14;37mW[38;2;7;12;34mW[38;2;37;37;86mK[38;2;53;137;244ml[38;2;72;67;149mk[38;2;43;36;84mK[38;2;34;31;72mX[38;2;28;26;61mX[38;2;22;22;51mN[38;2;22;21;52mN[38;2;22;21;52mN[38;2;14;17;42mN[38;2;15;17;40mN[38;2;16;17;40mN[38;2;15;14;33mW[38;2;16;14;34mW[38;2;15;14;32mW[38;2;14;13;31mW[38;2;13;11;26mW[38;2;12;11;25mW[38;2;12;11;24mW[38;2;11;10;22mW[0m
[0m[38;2;39;32;80mX[38;2;31;29;67mX[38;2;26;28;58mX[38;2;24;27;54mX[38;2;22;24;48mN[38;2;22;23;46mN[38;2;21;23;45mN[38;2;21;22;45mN[38;2;19;26;49mN[38;2;23;21;45mN[38;2;30;26;57mX[38;2;48;48;100m0[38;2;92;99;235mo[38;2;20;28;66mX[38;2;7;10;29mW[38;2;37;40;90mK[38;2;43;168;249mc[38;2;49;109;166mx[38;2;15;25;60mN[38;2;13;23;54mN[38;2;45;64;123mO[38;2;35;170;251mc[38;2;54;52;117m0[38;2;40;40;89mK[38;2;37;36;82mK[38;2;27;27;62mX[38;2;22;22;51mN[38;2;34;30;72mX[38;2;18;21;53mN[38;2;21;21;52mN[38;2;18;19;46mN[38;2;16;16;38mN[38;2;16;15;35mW[38;2;16;16;36mN[38;2;15;14;32mW[38;2;15;14;31mW[38;2;15;12;28mW[38;2;14;12;28mW[38;2;13;11;26mW[38;2;11;11;23mW[0m
[0m[38;2;47;38;96mK[38;2;47;39;96mK[38;2;40;37;84mK[38;2;32;33;72mX[38;2;27;29;62mX[38;2;25;27;55mX[38;2;23;26;52mN[38;2;19;29;61mX[38;2;27;45;79mK[38;2;28;25;56mX[38;2;30;26;57mX[38;2;39;37;79mK[38;2;63;101;195md[38;2;33;66;121m0[38;2;10;13;34mW[38;2;31;33;78mX[38;2;34;178;230mc[38;2;48;131;175mo[38;2;16;25;60mN[38;2;18;24;58mN[38;2;36;103;156mx[38;2;39;155;219ml[38;2;28;33;78mX[38;2;19;25;60mN[38;2;33;34;77mX[38;2;25;27;61mX[38;2;31;27;63mX[38;2;29;26;63mX[38;2;14;16;38mN[38;2;19;18;44mN[38;2;16;15;36mN[38;2;12;12;27mW[38;2;17;17;38mN[38;2;17;16;37mN[38;2;16;14;31mW[38;2;15;13;30mW[38;2;15;13;32mW[38;2;15;12;28mW[38;2;14;12;27mW[38;2;14;12;27mW[0m
[0m[38;2;56;51;119m0[38;2;56;52;117m0[38;2;58;53;120m0[38;2;53;49;108m0[38;2;43;42;91mK[38;2;35;35;76mX[38;2;31;35;75mX[38;2;21;76;116mO[38;2;38;43;86mK[38;2;26;24;54mN[38;2;27;24;54mN[38;2;27;24;53mN[38;2;31;39;83mK[38;2;44;102;172mx[38;2;13;18;46mN[38;2;19;22;54mN[38;2;41;151;196ml[38;2;45;135;183mo[38;2;17;25;63mN[38;2;25;27;64mX[38;2;34;146;188mo[38;2;40;75;128mO[38;2;9;15;39mW[38;2;6;9;25mW[38;2;5;8;22mW[38;2;12;14;34mW[38;2;15;17;37mN[38;2;15;16;36mN[38;2;17;17;40mN[38;2;15;14;32mW[38;2;12;12;28mW[38;2;18;20;43mN[38;2;19;20;41mN[38;2;17;18;38mN[38;2;16;16;33mN[38;2;15;14;30mW[38;2;15;13;30mW[38;2;16;13;31mW[38;2;16;13;31mW[38;2;15;13;31mW[0m
[0m[38;2;61;66;138mO[38;2;60;67;138mO[38;2;55;65;132mO[38;2;52;63;129mO[38;2;49;58;117m0[38;2;42;50;102m0[38;2;35;63;122m0[38;2;41;118;166md[38;2;35;36;78mX[38;2;29;29;64mX[38;2;27;26;58mX[38;2;20;19;41mN[38;2;7;8;17mW[38;2;17;32;63mX[38;2;17;32;67mX[38;2;12;15;40mW[38;2;35;84;137mk[38;2;41;132;184mo[38;2;18;26;63mN[38;2;23;29;68mX[38;2;28;100;136mk[38;2;11;12;29mW[38;2;4;3;7mM[38;2;3;3;5mM[38;2;11;9;20mW[38;2;17;16;35mN[38;2;13;13;28mW[38;2;19;18;40mN[38;2;17;15;35mN[38;2;12;10;24mW[38;2;11;10;23mW[38;2;19;18;40mN[38;2;22;23;48mN[38;2;19;20;42mN[38;2;18;18;38mN[38;2;16;16;33mN[38;2;16;15;30mW[38;2;16;14;32mW[38;2;16;14;33mW[38;2;17;15;36mN[0m
[0m[38;2;74;95;179mx[38;2;68;95;178mx[38;2;61;95;175mx[38;2;56;93;170mx[38;2;48;87;156mk[38;2;48;80;145mk[38;2;28;139;190mo[38;2;68;88;162mx[38;2;41;41;91mK[38;2;16;17;38mN[38;2;7;7;17mW[38;2;7;6;15mW[38;2;2;2;3mM[38;2;4;4;9mM[38;2;4;7;19mW[38;2;7;10;28mW[38;2;21;29;68mX[38;2;34;88;142mk[38;2;12;20;49mN[38;2;8;16;36mW[38;2;8;7;17mW[38;2;2;2;4mM[38;2;5;4;8mM[38;2;13;10;22mW[38;2;14;11;24mW[38;2;20;16;34mN[38;2;26;21;47mN[38;2;16;14;31mW[38;2;12;10;23mW[38;2;10;9;21mW[38;2;10;9;21mW[38;2;13;14;31mW[38;2;21;24;48mN[38;2;18;19;40mN[38;2;17;17;36mN[38;2;16;17;35mN[38;2;15;16;35mN[38;2;16;15;31mW[38;2;16;14;31mW[38;2;16;14;31mW[0m
[0m[38;2;73;130;200mo[38;2;71;139;201ml[38;2;69;151;203ml[38;2;65;162;205mc[38;2;61;164;205mc[38;2;45;165;205mc[38;2;40;96;138mk[38;2;24;23;55mN[38;2;17;17;41mN[38;2;17;18;40mN[38;2;12;13;28mW[38;2;6;6;15mW[38;2;1;1;2mM[38;2;0;0;1mM[38;2;3;2;4mM[38;2;4;5;11mM[38;2;5;7;20mW[38;2;6;12;26mW[38;2;4;5;12mM[38;2;3;3;6mM[38;2;4;3;7mM[38;2;15;12;26mW[38;2;21;16;35mN[38;2;17;13;28mW[38;2;20;15;33mN[38;2;22;16;38mN[38;2;11;9;19mW[38;2;8;7;15mW[38;2;8;7;16mW[38;2;13;11;26mW[38;2;11;9;21mW[38;2;9;8;19mW[38;2;11;9;22mW[38;2;12;10;24mW[38;2;12;10;24mW[38;2;11;9;21mW[38;2;11;8;22mW[38;2;12;10;24mW[38;2;14;13;28mW[38;2;16;15;33mN[0m
[0m[38;2;64;190;212m:[38;2;58;207;218m;[38;2;54;218;223m,[38;2;53;223;226m,[38;2;40;185;191mc[38;2;17;54;67mK[38;2;10;8;20mW[38;2;10;10;24mW[38;2;14;15;35mW[38;2;22;25;55mN[38;2;33;35;76mX[38;2;26;28;61mX[38;2;11;11;24mW[38;2;1;1;2mM[38;2;0;0;0mM[38;2;0;0;0mM[38;2;1;1;1mM[38;2;0;0;1mM[38;2;2;2;3mM[38;2;10;8;16mW[38;2;12;10;21mW[38;2;15;11;24mW[38;2;17;13;29mW[38;2;17;13;29mW[38;2;13;11;22mW[38;2;8;7;13mW[38;2;8;6;13mW[38;2;6;5;9mW[38;2;8;6;13mW[38;2;8;6;15mW[38;2;7;6;13mW[38;2;8;7;16mW[38;2;9;8;17mW[38;2;8;7;16mW[38;2;10;8;19mW[38;2;9;7;18mW[38;2;10;8;19mW[38;2;10;8;19mW[38;2;12;8;21mW[38;2;16;16;35mN[0m
[0m[38;2;53;218;222m,[38;2;50;223;226m,[38;2;48;205;210m;[38;2;27;108;116mk[38;2;7;18;27mW[38;2;4;6;15mW[38;2;3;6;16mW[38;2;4;6;15mW[38;2;4;6;15mW[38;2;5;5;12mW[38;2;10;11;24mW[38;2;23;23;50mN[38;2;27;27;57mX[38;2;16;16;33mN[38;2;7;6;12mW[38;2;5;4;9mM[38;2;9;8;16mW[38;2;12;10;21mW[38;2;14;11;24mW[38;2;13;10;22mW[38;2;11;9;20mW[38;2;10;8;17mW[38;2;10;8;18mW[38;2;7;6;12mW[38;2;6;5;10mW[38;2;7;6;12mW[38;2;6;5;10mM[38;2;6;5;11mW[38;2;7;6;13mW[38;2;8;6;14mW[38;2;11;9;20mW[38;2;12;11;24mW[38;2;15;13;29mW[38;2;16;15;33mN[38;2;14;13;29mW[38;2;12;11;24mW[38;2;9;8;18mW[38;2;8;7;14mW[38;2;9;7;16mW[38;2;11;8;19mW[0m
[0m[38;2;46;220;224m,[38;2;37;227;228m,[38;2;48;231;233m,[38;2;49;235;236m,[38;2;49;229;231m,[38;2;32;137;142md[38;2;7;15;21mW[38;2;5;5;11mW[38;2;5;5;11mW[38;2;6;5;11mM[38;2;5;4;10mM[38;2;6;5;10mM[38;2;11;10;23mW[38;2;15;14;28mW[38;2;13;12;25mW[38;2;10;9;18mW[38;2;8;7;15mW[38;2;7;6;13mW[38;2;8;7;13mW[38;2;6;5;11mW[38;2;5;5;9mM[38;2;12;10;21mW[38;2;11;10;20mW[38;2;4;4;6mM[38;2;5;5;8mM[38;2;7;6;12mW[38;2;6;5;10mW[38;2;6;5;11mW[38;2;8;7;15mW[38;2;16;13;30mW[38;2;16;15;32mW[38;2;15;13;29mW[38;2;19;18;40mN[38;2;18;17;38mN[38;2;17;16;37mN[38;2;10;9;19mW[38;2;8;6;13mW[38;2;7;6;13mW[38;2;8;7;13mW[38;2;9;7;15mW[0m
